Datetime,Open,High,Low,Close,Volume
2026-02-15 00:00:00+00:00,69758.54,69812.29,69591.52,69724.4,0
2026-02-15 01:00:00+00:00,69724.06,69855.31,69379.24,69649.71,312229888
2026-02-15 02:00:00+00:00,69665.34,69708.66,69368.7,69510.01,262086656
2026-02-15 03:00:00+00:00,69492.8,69957.23,69270.23,69957.23,974991360
2026-02-15 04:00:00+00:00,69964.91,70440.16,69950.47,70130.52,2041339904
2026-02-15 05:00:00+00:00,70159.19,70431.73,70119.02,70267.76,700776448
2026-02-15 06:00:00+00:00,70249.38,70488.87,70190.32,70369.24,172314624
2026-02-15 07:00:00+00:00,70376.9,70827.38,70295.31,70750.8,1233502208
2026-02-15 08:00:00+00:00,70816.62,70895.69,70256.0,70404.77,5611520
2026-02-15 09:00:00+00:00,70407.03,70611.44,70362.87,70391.08,0
2026-02-15 10:00:00+00:00,70389.98,70473.69,70206.68,70415.59,266866688
2026-02-15 11:00:00+00:00,70398.23,70488.07,70241.46,70266.68,0
2026-02-15 12:00:00+00:00,70263.65,70338.41,69396.92,69396.92,0
2026-02-15 13:00:00+00:00,69330.45,69562.01,68773.49,68905.88,0
2026-02-15 14:00:00+00:00,68903.55,69143.05,68887.08,69109.89,0
2026-02-15 15:00:00+00:00,69121.4,69196.09,68861.74,69055.63,0
2026-02-15 16:00:00+00:00,69059.23,69059.23,68799.09,69018.3,0
2026-02-15 17:00:00+00:00,69002.98,69050.44,68258.36,68599.84,0
2026-02-15 18:00:00+00:00,68599.29,68733.82,68348.72,68388.75,2165628928
2026-02-15 19:00:00+00:00,68449.66,68510.95,68084.45,68289.05,1841893376
2026-02-15 20:00:00+00:00,68246.62,68490.21,68137.9,68415.12,0
2026-02-15 21:00:00+00:00,68417.02,68884.27,68417.02,68852.77,30150656
2026-02-15 22:00:00+00:00,68847.54,69026.75,68770.94,68935.36,0
2026-02-15 23:00:00+00:00,68902.6,68902.6,68338.97,68750.17,84398080
2026-02-16 00:00:00+00:00,68776.75,69009.1,68713.38,68843.06,22155264
2026-02-16 01:00:00+00:00,68809.67,68999.55,68460.12,68605.65,0
2026-02-16 02:00:00+00:00,68594.21,68703.5,68235.7,68298.84,297607168
2026-02-16 03:00:00+00:00,68296.87,68409.54,68138.47,68374.77,0
2026-02-16 04:00:00+00:00,68388.38,68846.76,68388.38,68832.9,0
2026-02-16 05:00:00+00:00,68839.88,68839.88,68297.93,68370.99,196956160
2026-02-16 06:00:00+00:00,68343.6,68480.88,68253.88,68420.93,0
2026-02-16 07:00:00+00:00,68403.45,68637.34,68357.75,68540.94,0
2026-02-16 08:00:00+00:00,68546.15,68742.27,68523.09,68716.8,0
2026-02-16 09:00:00+00:00,68736.59,69019.57,68723.82,68958.37,53555200
2026-02-16 10:00:00+00:00,68957.23,68957.23,68696.99,68774.85,0
2026-02-16 11:00:00+00:00,68761.68,68858.46,68334.48,68831.3,144420864
2026-02-16 12:00:00+00:00,68821.17,69762.09,68781.71,69743.8,695001088
2026-02-16 13:00:00+00:00,69723.68,70006.73,68229.5,68380.53,264687616
2026-02-16 14:00:00+00:00,68369.28,68599.05,68277.01,68421.92,376889344
2026-02-16 15:00:00+00:00,68455.78,68529.51,67316.98,67508.3,2345316352
2026-02-16 16:00:00+00:00,67497.18,67899.62,67497.18,67837.59,105246720
2026-02-16 17:00:00+00:00,67850.54,68013.77,67593.74,67921.7,0
2026-02-16 18:00:00+00:00,67919.32,68192.63,67820.08,67831.42,0
2026-02-16 19:00:00+00:00,67857.81,68064.59,67796.65,67921.14,0
2026-02-16 20:00:00+00:00,67890.89,68436.7,67825.58,68436.7,0
2026-02-16 21:00:00+00:00,68491.77,68879.12,68414.46,68879.12,55095296
2026-02-16 22:00:00+00:00,68840.58,68840.58,68509.98,68604.2,459511808
2026-02-16 23:00:00+00:00,68568.63,68941.4,68518.18,68851.22,0
2026-02-17 00:00:00+00:00,68852.83,68991.99,68677.43,68846.25,0
2026-02-17 01:00:00+00:00,68841.48,68941.26,68568.56,68606.77,139864064
2026-02-17 02:00:00+00:00,68586.61,69201.87,68391.23,68926.26,0
2026-02-17 03:00:00+00:00,68805.58,68805.58,68440.22,68462.93,0
2026-02-17 04:00:00+00:00,68439.7,68648.92,68267.84,68403.92,0
2026-02-17 05:00:00+00:00,68432.42,68461.11,67903.2,68198.42,440700928
2026-02-17 06:00:00+00:00,68203.05,68460.68,68203.05,68386.94,0
2026-02-17 07:00:00+00:00,68382.25,68438.2,68154.48,68365.08,0
2026-02-17 08:00:00+00:00,68353.04,68436.59,68102.56,68135.63,0
2026-02-17 09:00:00+00:00,68142.84,68252.66,67952.11,68072.15,9678848
2026-02-17 10:00:00+00:00,68083.03,68127.32,67713.69,67775.84,67244032
2026-02-17 11:00:00+00:00,67854.14,67881.3,67687.76,67828.9,0
2026-02-17 12:00:00+00:00,67808.42,68246.14,67802.88,67849.43,0
2026-02-17 13:00:00+00:00,67873.9,68264.55,67735.77,68081.4,0
2026-02-17 14:00:00+00:00,68094.3,68293.27,66745.93,66916.46,959393792
2026-02-17 15:00:00+00:00,66837.2,67363.22,66662.69,67354.39,526827520
2026-02-17 16:00:00+00:00,67319.15,68069.48,67319.15,67492.43,1101996032
2026-02-17 17:00:00+00:00,67487.77,67671.64,66955.14,67231.84,539088896
2026-02-17 18:00:00+00:00,67204.98,68172.95,67126.87,68172.95,850409472
2026-02-17 19:00:00+00:00,68084.12,68144.77,67752.55,67791.66,770482176
2026-02-17 20:00:00+00:00,67763.95,67867.82,67515.13,67735.79,415297536
2026-02-17 21:00:00+00:00,67764.27,67890.79,67509.89,67639.21,0
2026-02-17 22:00:00+00:00,67637.66,67735.75,67491.88,67516.09,0
2026-02-17 23:00:00+00:00,67509.93,67577.68,67389.24,67507.32,0
2026-02-18 00:00:00+00:00,67482.65,67593.42,67263.74,67291.0,0
2026-02-18 01:00:00+00:00,67286.46,67329.53,66877.98,67121.06,218458112
2026-02-18 02:00:00+00:00,67126.41,67354.55,67126.41,67306.35,0
2026-02-18 03:00:00+00:00,67290.26,67639.05,67290.26,67636.99,0
2026-02-18 04:00:00+00:00,67597.71,67820.77,67471.22,67791.82,0
2026-02-18 05:00:00+00:00,67767.27,67876.35,67579.34,67614.83,0
2026-02-18 06:00:00+00:00,67609.28,67921.24,67597.2,67809.15,0
2026-02-18 07:00:00+00:00,67813.7,68168.6,67664.03,68102.8,666810368
2026-02-18 08:00:00+00:00,68090.76,68385.98,68054.47,68086.59,180414464
2026-02-18 09:00:00+00:00,68098.02,68242.64,67999.45,68149.05,0
2026-02-18 10:00:00+00:00,68133.05,68145.26,67737.59,67750.21,0
2026-02-18 11:00:00+00:00,67762.55,67762.55,67113.76,67358.87,520798208
2026-02-18 12:00:00+00:00,67346.34,67626.23,67346.34,67478.89,0
2026-02-18 13:00:00+00:00,67432.38,67557.6,67088.03,67210.88,0
2026-02-18 14:00:00+00:00,67216.82,67333.87,66767.72,67150.77,0
2026-02-18 15:00:00+00:00,67257.75,68274.95,67257.75,67606.55,0
2026-02-18 16:00:00+00:00,67661.48,67661.48,66996.95,67100.0,0
2026-02-18 17:00:00+00:00,67124.06,67418.34,67032.56,67140.18,0
2026-02-18 18:00:00+00:00,67169.49,67188.91,66269.53,66301.73,227389440
2026-02-18 19:00:00+00:00,66321.0,66538.07,65896.55,66113.4,1026025472
2026-02-18 20:00:00+00:00,66169.17,66494.73,66135.7,66256.09,367351808
2026-02-18 21:00:00+00:00,66218.62,66431.15,66082.74,66325.8,571430912
2026-02-18 22:00:00+00:00,66303.55,66424.14,66217.52,66405.24,232194048
2026-02-18 23:00:00+00:00,66383.12,66467.79,66250.28,66415.52,158214144
2026-02-19 00:00:00+00:00,66441.85,66519.34,66323.91,66419.13,126160896
2026-02-19 01:00:00+00:00,66413.02,66833.91,66413.02,66825.52,0
2026-02-19 02:00:00+00:00,66836.07,66926.37,66628.52,66814.64,102717440
2026-02-19 03:00:00+00:00,66808.8,66928.09,66719.5,66915.53,84740096
2026-02-19 04:00:00+00:00,66953.77,67026.27,66739.41,66789.98,143282176
2026-02-19 05:00:00+00:00,66782.5,66839.68,66666.16,66835.3,0
2026-02-19 06:00:00+00:00,66873.39,67247.72,66873.39,67105.77,318400512
2026-02-19 07:00:00+00:00,67119.03,67241.93,67020.49,67162.84,0
2026-02-19 08:00:00+00:00,67186.16,67186.16,66797.95,66918.14,0
2026-02-19 09:00:00+00:00,66923.37,67149.06,66754.82,66813.48,73097216
2026-02-19 10:00:00+00:00,66808.41,66921.16,66749.66,66810.26,0
2026-02-19 11:00:00+00:00,66805.29,66890.34,66470.89,66470.94,0
2026-02-19 12:00:00+00:00,66463.62,66624.34,66331.13,66483.3,166684672
2026-02-19 13:00:00+00:00,66490.07,66526.0,65860.88,65880.56,1036775424
2026-02-19 14:00:00+00:00,65939.96,66601.01,65672.12,66429.09,178354176
2026-02-19 15:00:00+00:00,66399.55,66692.16,65990.69,66353.57,0
2026-02-19 16:00:00+00:00,66384.88,66474.86,65965.78,66340.36,0
2026-02-19 17:00:00+00:00,66291.97,67007.37,66191.38,66290.69,498089984
2026-02-19 18:00:00+00:00,66320.65,67011.52,66253.88,66922.7,0
2026-02-19 19:00:00+00:00,67005.47,67165.41,66691.42,67021.28,0
2026-02-19 20:00:00+00:00,67024.23,67129.59,66870.7,67093.53,0
2026-02-19 21:00:00+00:00,67095.48,67136.17,66886.01,66900.23,0
2026-02-19 22:00:00+00:00,66894.55,66912.2,66636.45,66912.2,445130752
2026-02-19 23:00:00+00:00,66926.68,66988.29,66819.5,66944.36,0
2026-02-20 00:00:00+00:00,66959.87,67369.12,66945.0,67228.2,450121728
2026-02-20 01:00:00+00:00,67222.18,67304.73,67132.77,67254.04,0
2026-02-20 02:00:00+00:00,67255.56,67312.88,67160.79,67261.33,0
2026-02-20 03:00:00+00:00,67227.07,67448.27,67225.23,67343.13,285358080
2026-02-20 04:00:00+00:00,67334.6,67341.23,67112.56,67233.38,57653248
2026-02-20 05:00:00+00:00,67235.12,67976.8,67172.95,67743.99,983795712
2026-02-20 06:00:00+00:00,67757.84,67859.91,67658.75,67835.2,240646144
2026-02-20 07:00:00+00:00,67819.2,67947.27,67761.8,67780.32,0
2026-02-20 08:00:00+00:00,67804.14,67907.44,67732.1,67842.3,0
2026-02-20 09:00:00+00:00,67850.53,68193.94,67850.53,68166.82,510959616
2026-02-20 10:00:00+00:00,68187.98,68260.72,67895.52,67912.9,0
2026-02-20 11:00:00+00:00,67904.41,67934.84,67410.94,67410.94,1116385280
2026-02-20 12:00:00+00:00,67318.16,67539.2,67299.28,67501.06,349444096
2026-02-20 13:00:00+00:00,67514.64,67514.64,66507.21,66736.46,2064957440
2026-02-20 14:00:00+00:00,66783.83,67219.53,66718.42,67070.55,2165264384
2026-02-20 15:00:00+00:00,67073.04,67994.24,66587.21,67543.8,2016649216
2026-02-20 16:00:00+00:00,67578.8,67870.52,67308.83,67753.58,1054220288
2026-02-20 17:00:00+00:00,67721.24,67728.73,66999.8,67574.77,3142328320
2026-02-20 18:00:00+00:00,67597.48,67940.16,67462.8,67940.16,1107406848
2026-02-20 19:00:00+00:00,67938.07,67974.47,67543.18,67637.83,298446848
2026-02-20 20:00:00+00:00,67628.16,67799.7,67559.56,67704.04,279425024
2026-02-20 21:00:00+00:00,67725.75,67794.42,67621.83,67789.57,502231040
2026-02-20 22:00:00+00:00,67784.08,68056.83,67639.96,68043.89,42770432
2026-02-20 23:00:00+00:00,68043.89,68185.45,67923.62,67999.62,237027328
